unaryWeights = 1 1
binaryWeights = -0.020304753340364273 -5.809142990314028 -9.210340371976182 -0.020304753340364273 -6.907755278982137 -9.210340371976182 -11.512925464970229     -0.020304753340364273 -5.809142990314028 -9.210340371976182 -0.020304753340364273 -6.907755278982137 -9.210340371976182 -11.512925464970229     -0.020304753340364273 -5.809142990314028 -9.210340371976182 -0.020304753340364273 -6.907755278982137 -9.210340371976182 -11.512925464970229     -0.020304753340364273 -5.809142990314028 -9.210340371976182 -0.020304753340364273 -6.907755278982137 -9.210340371976182 -11.512925464970229      -0.020304753340364273 -5.809142990314028 -9.210340371976182 -0.020304753340364273 -6.907755278982137 -9.210340371976182 -11.512925464970229     -0.020304753340364273 -5.809142990314028 -9.210340371976182 -0.020304753340364273 -6.907755278982137 -9.210340371976182 -11.512925464970229
epsWeight = -12
sigmaSqr = 0.01
omega = 0.00005
